0.396099
0.396003
0.395989
0.396041
0.395996
0.396060
0.396054
0.396029
0.395919
186.891098
265.745056
268.900970
268.828247
267.478943
267.837280
266.126648
267.960754
266.385956
268.014374
407.533295
469.041382
471.219727
472.079773
470.381836
472.278503
471.619263
470.174866
472.650604
507.721924
0.389735
0.389953
0.390043
0.390077
0.389884
0.390032
0.389854
0.390229
0.389888
0.388319
0.389892
0.389524
0.389385
0.389801
0.390012
0.390185
0.389520
0.389187
0.389402
0.399008
0.402627
0.403103
0.402205
0.403162
0.403329
0.402855
0.402718
0.403079
103.096230
126.412994
126.611656
127.065231
127.060608
126.418503
126.705688
126.850510
126.158470
126.843307
116.772247
0.478381
0.478655
0.480015
0.480961
0.479582
0.476989
0.478802
0.480057
0.501257
0.727306
0.727286
0.727271
0.727260
0.727340
0.727339
0.727321
0.727273
0.727332
0.762174
0.395894
0.395886
0.395952
0.395940
0.395923
0.395899
0.395927
0.395910
0.395908
0.614208
0.499764
0.498504
0.498124
0.499018
0.498443
0.497492
0.498797
0.497725
0.535848
0.411165
0.414803
0.419170
0.416914
0.416220
0.411078
0.414811
0.413134
0.419604
138.484680
119.622368
120.090897
120.016777
119.946121
119.848877
119.998108
119.742737
120.068130
119.675064
0.385833
0.391108
0.389421
0.386990
0.392537
0.392025
0.385946
0.388868
0.389804
0.405754
0.414324
0.417543
0.414966
0.414369
0.415441
0.413262
0.412692
0.414039
0.410871
148.274857
173.352890
173.620407
174.219559
173.622818
173.710159
173.920639
173.199265
173.769882
220.227707
0.387739
0.387534
0.388651
0.387008
0.389012
0.389853
0.387009
0.386616
0.391007
0.449082
0.451366
0.451293
0.449020
0.450665
0.451617
0.449393
0.450997
0.450748
0.449773
2.284556
2.777403
2.329257
2.358390
2.851257
2.441335
2.523758
2.678139
2.345387
4.607166
8.091643
8.225941
8.183624
8.199690
8.268327
8.119500
8.236318
8.245029
8.167743
2.370288
0.564080
0.563661
0.562745
0.563209
0.564039
0.563809
0.563584
0.563387
0.562148
0.488141
0.488109
0.487705
0.487109
0.488075
0.487980
0.488243
0.489267
0.487825
0.468279
0.393176
0.392335
0.391431
0.390799
0.393050
0.393883
0.393170
0.392419
0.392623
0.365122
0.390234
0.390185
0.390085
0.390204
0.390364
0.390127
0.390249
0.390361
0.373982
0.389906
0.390076
0.388788
0.390228
0.388725
0.390469
0.389775
0.389742
0.389562
0.406410
0.391078
0.391077
0.390831
0.391085
0.391269
0.391343
0.390920
0.391106
0.391206
0.387994
0.386891
0.387437
0.387028
0.387890
0.389158
0.388369
0.388165
0.387242
0.396723
0.394764
0.394837
0.394844
0.394783
0.394786
0.394754
0.394787
0.394786
0.394768
0.445207
0.393092
0.393480
0.393807
0.392656
0.393517
0.394079
0.393858
0.393415
0.403417
0.388329
0.388213
0.388356
0.388196
0.388069
0.388251
0.388003
0.388170
0.387928
0.386471
0.387759
0.388285
0.388083
0.388997
0.388484
0.388662
0.389001
0.389350
0.389324
0.398447
0.395395
0.395521
0.395194
0.394884
0.395067
0.395101
0.394939
0.395037
0.392544
0.387266
0.388345
0.388702
0.388572
0.388281
0.387800
0.387701
0.387708
0.387387
0.385923
0.394360
0.394219
0.394293
0.394231
0.394356
0.394363
0.394414
0.394325
0.393861
0.392680
0.392414
0.392435
0.392492
0.392509
0.392313
0.392303
0.392558
0.392330
0.393532
0.394057
0.394233
0.394311
0.394337
0.394184
0.394406
0.394178
0.394259
0.394268
0.392752
0.396239
0.396209
0.396177
0.396212
0.396233
0.396227
0.396206
0.396191
0.395079
0.395500
0.395501
0.395488
0.395479
0.395514
0.395492
0.395490
0.395506
0.395492
0.396294
0.396154
0.396114
0.396157
0.396157
0.396127
0.396140
0.396153
0.396146
0.396135
0.421804
0.421466
0.420239
0.422446
0.420806
0.422855
0.422348
0.423077
0.424832
0.418137
0.406703
0.404205
0.404693
0.404507
0.405647
0.406396
0.405060
0.403400
0.404404
0.464764
0.442152
0.443698
0.443123
0.443508
0.443950
0.442371
0.441196
0.441946
0.445972
0.423118
0.422017
0.423162
0.422558
0.424235
0.422431
0.422210
0.420466
0.423415
0.424208
0.383700
0.384329
0.394346
0.400294
0.387089
0.384427
0.392004
0.392821
0.381632
0.431142
0.438607
0.436631
0.441374
0.435168
0.435283
0.441264
0.438813
0.440409
0.459833
0.389068
0.389538
0.387269
0.387902
0.387603
0.387330
0.387556
0.388008
0.388012
0.410824
0.404170
0.405840
0.400160
0.400582
0.402611
0.403156
0.402775
0.401473
0.402739
0.402071
0.395550
0.394295
0.403374
0.400707
0.396621
0.397393
0.396648
0.400169
0.405318
0.406719
0.407047
0.409453
0.413820
0.404369
0.404571
0.411937
0.405035
0.412571
0.412177
0.414777
0.411068
0.407616
0.413646
0.409105
0.410300
0.413916
0.407574
0.416967
0.401290
0.402178
0.402160
0.401011
0.399286
0.402245
0.401677
0.400512
0.402050
0.415488
0.395093
0.391152
0.390215
0.388218
0.388646
0.385871
0.386966
0.390768
0.386467
