14.484751
16.212282
13.225145
11.881919
12.336771
14.184828
22.998416
13.936347
14.627278
504.449318
503.267846
504.320023
504.387802
504.685477
503.760044
504.922557
504.080039
503.640901
504.002045
504.434340
504.192938
504.261158
504.558652
504.951507
503.675480
504.028054
504.029799
503.579292
504.833290
14.467820
6.744805
10.541729
11.967724
13.273145
11.239613
11.643616
9.181971
13.914888
269.001640
16.107752
11.810045
14.373133
11.503227
22.812767
12.162446
20.639837
16.498154
15.159926
90.525962
19.038439
17.228480
21.764933
23.424144
21.126665
11.833718
21.825489
13.070668
504.427079
376.881576
328.907983
443.597695
404.173336
416.705673
386.583480
426.611666
383.359669
424.900123
504.439980
72.046290
67.581371
82.274368
71.510059
65.518913
71.041817
88.278726
65.128547
462.286018
43.471103
47.896311
43.573832
44.158944
45.374388
45.813349
48.338285
51.072590
44.149644
500.322774
11.746959
15.179822
18.438608
12.293906
14.699527
16.296046
19.394395
16.833287
19.873018
502.241514
13.905948
21.037896
21.646819
19.002106
22.468823
21.280490
18.736966
21.670798
466.200966
114.790780
138.612971
120.372911
187.650375
113.031679
171.348313
123.788303
151.933255
179.543524
504.439173
369.731010
389.562562
404.470174
424.939029
345.187627
448.135032
403.040237
395.013347
381.085113
145.393448
172.117948
140.711780
170.692662
145.335908
137.156281
148.976639
122.245518
199.469992
360.129645
154.382037
165.756424
123.370398
134.034159
120.595431
140.710604
130.060690
157.885680
141.080963
504.462301
434.549103
256.456003
454.282486
432.981299
409.395682
375.928951
448.189570
388.374816
503.918539
64.942444
73.068091
85.383458
70.863287
73.648815
53.854122
85.564075
71.430619
84.569667
444.924653
16.764200
18.576305
14.009133
16.615660
16.299666
13.979761
15.700098
17.200419
9.809632
503.977972
462.666518
479.883832
432.081664
469.019721
468.492594
443.889990
469.166535
458.188645
503.955741
411.158327
421.300871
354.246980
399.086508
420.198877
313.150597
394.940465
351.953541
326.864752
504.342778
25.533036
28.097379
18.563972
19.805338
24.044170
26.020636
26.346895
23.255721
272.057967
26.775125
34.026130
37.809609
34.975278
33.932495
36.206865
24.497864
29.238603
26.134104
410.453227
9.399480
12.337552
18.835043
12.360941
19.301177
20.607594
11.762463
12.480864
14.004799
441.630098
13.632382
4.995502
5.872522
10.749558
12.108396
15.368008
9.128619
19.690499
378.865027
19.181194
10.473476
19.263810
14.100587
23.873408
28.232964
12.450219
13.735155
11.199581
286.761328
10.380618
10.360777
14.452741
13.579925
13.453712
21.123963
18.054506
10.753122
12.548770
11.532444
14.175664
20.551443
10.799396
12.996144
11.634657
16.739230
13.428558
16.596804
293.548326
13.459780
13.198309
10.255624
18.220417
13.069260
10.208957
11.889273
14.116004
10.220147
429.544461
14.212373
10.138896
12.266491
12.464285
12.186686
20.510942
12.239259
19.838257
370.155321
18.496981
10.503031
9.590319
19.570768
8.508328
7.018691
16.185413
12.376040
9.622336
84.188968
17.283459
15.693997
11.096509
16.514427
8.875066
16.208958
15.819887
19.993310
15.491837
293.567280
8.784260
14.769680
15.268028
14.295863
12.364932
10.463804
13.284394
13.283103
352.700071
16.367437
10.860273
12.955800
18.645873
14.222724
14.026151
13.799769
14.893957
15.056335
310.160968
12.212756
9.511545
15.476635
13.747907
10.648363
22.553170
14.946095
6.776241
84.442795
12.018182
12.153488
9.607569
12.004107
11.531389
9.527942
12.287300
14.273776
14.756229
65.616475
14.431633
12.058692
9.432835
11.339452
14.859567
12.382216
12.039270
15.028855
12.981709
28.318359
12.212274
12.514507
11.703990
13.274649
11.047777
12.272420
10.814693
12.574012
20.355476
18.547820
8.614282
12.023746
11.359457
11.839962
14.996863
19.090927
19.905963
13.699389
16.323023
11.063674
10.103865
12.410855
13.248848
7.626856
12.488349
16.109355
10.442874
11.151439
20.830520
29.726594
22.686774
15.890028
35.775206
23.134813
30.893707
38.141370
29.946583
131.019883
47.792430
20.393038
24.369445
20.687389
27.295276
28.199358
10.706776
26.421613
21.153648
326.923630
33.702598
52.176433
39.235640
55.992856
60.644937
67.970546
64.264700
47.355274
141.416895
42.283861
26.491686
37.400783
42.344665
40.215749
35.448072
31.022275
33.541477
33.524323
359.052987
183.196151
228.601095
308.211138
299.296382
315.372701
307.987730
270.693815
187.188487
195.006887
370.220208
190.785291
200.048830
248.252433
227.620029
240.151542
165.854894
192.985536
166.679545
462.984101
23.071879
25.950874
22.893250
19.709268
16.036439
26.110403
18.989760
32.708875
21.556870
327.964201
153.355811
108.902759
131.754935
137.360800
128.787952
75.457137
117.029808
91.239464
228.833649
347.312438
394.504068
401.855242
404.724200
408.521537
394.398578
371.206769
326.780155
424.835303
376.554581
343.624662
330.335901
344.665161
314.441859
353.876134
354.030819
347.494387
362.848629
332.372509
111.239985
15.592128
34.211984
23.574019
25.331908
24.823447
14.667745
16.515542
23.670363
56.556170
56.352121
62.453499
40.622113
45.009146
68.865682
86.705517
76.964848
53.979608
86.801608
320.764789
251.945245
205.109961
214.112862
189.996494
217.673535
205.970846
254.600633
250.416440
267.078944
