0.379827
0.379770
0.379811
0.379798
0.379805
0.379806
0.379725
0.379774
0.379902
243.157654
333.751740
333.911957
335.757935
334.195709
337.902557
333.501221
335.835327
335.516785
335.445831
517.618774
570.265991
567.737488
571.569214
568.141357
573.738831
572.476562
572.844299
572.847229
555.116516
0.375078
0.375025
0.375103
0.375210
0.374987
0.374933
0.375208
0.374981
0.375257
0.383095
0.377327
0.377225
0.377544
0.377037
0.377670
0.377448
0.378147
0.376774
0.377661
0.398110
0.391671
0.391239
0.391574
0.391504
0.391607
0.391830
0.391818
0.392017
144.991592
158.657822
159.155563
159.327698
159.551605
158.865585
159.113358
159.363953
158.702148
159.068451
116.569511
0.460602
0.461617
0.458632
0.459842
0.460579
0.460659
0.461010
0.460745
0.518479
0.652558
0.652534
0.652613
0.652506
0.652565
0.652518
0.652518
0.652511
0.652561
0.756947
0.379810
0.379773
0.379766
0.379766
0.379724
0.379771
0.379792
0.379744
0.379754
0.590987
0.476736
0.476613
0.476311
0.476453
0.476548
0.476261
0.476767
0.476443
0.460214
0.404001
0.400862
0.402836
0.404313
0.401083
0.400483
0.402449
0.402346
0.401195
159.758163
149.251678
150.015015
149.921097
149.756271
149.784775
150.027771
149.154129
150.084152
149.082962
0.380327
0.374843
0.377716
0.374624
0.378571
0.376136
0.376294
0.376479
0.376895
0.406164
0.403548
0.402287
0.403869
0.401110
0.402504
0.404731
0.401628
0.401908
0.401304
243.258698
219.996155
220.689636
221.347839
220.256317
220.586853
221.034790
219.830338
220.912369
233.927032
0.375493
0.375004
0.376607
0.375711
0.375390
0.375106
0.377082
0.376262
0.373947
0.445631
0.436243
0.435619
0.434218
0.435986
0.436098
0.434683
0.435994
0.435454
0.434827
1.898803
1.952716
1.719765
1.700172
1.972677
1.768954
1.777792
1.904014
1.710582
3.310042
5.572818
5.671169
5.634022
5.639699
5.697135
5.591164
5.676022
5.667227
5.639788
2.861343
0.528473
0.529348
0.528691
0.528306
0.528483
0.529028
0.528797
0.528585
0.512927
0.468107
0.468042
0.467611
0.467340
0.467828
0.467599
0.467596
0.468623
0.467324
0.456271
0.380577
0.381633
0.381461
0.381251
0.381689
0.380618
0.380776
0.380339
0.381177
0.358488
0.375384
0.375194
0.375390
0.375254
0.374900
0.375285
0.375484
0.375000
0.380437
0.376943
0.377605
0.376625
0.376815
0.377052
0.376423
0.376956
0.376976
0.377135
0.385192
0.375918
0.375950
0.375518
0.375604
0.376449
0.375872
0.376389
0.376039
0.375808
0.374657
0.374091
0.374109
0.375153
0.374315
0.374494
0.374482
0.373988
0.374729
0.372695
0.378815
0.378828
0.378845
0.378794
0.378808
0.378888
0.378838
0.378723
0.378900
0.381521
0.381615
0.382106
0.381276
0.382273
0.381239
0.381165
0.381977
0.381186
0.378770
0.374384
0.374099
0.374555
0.374178
0.374383
0.374181
0.374280
0.374372
0.374121
0.378198
0.376577
0.375830
0.375329
0.375662
0.375838
0.375676
0.375816
0.376418
0.375789
0.370746
0.379003
0.379202
0.379216
0.379253
0.378610
0.379023
0.379009
0.379604
0.392257
0.375307
0.374802
0.373636
0.374397
0.374468
0.374448
0.373994
0.374703
0.374277
0.382149
0.378428
0.378465
0.378354
0.378411
0.378495
0.378449
0.378442
0.378389
0.379907
0.377038
0.376981
0.376930
0.376913
0.376829
0.377045
0.376875
0.377044
0.376895
0.377279
0.378495
0.378465
0.378298
0.378594
0.378483
0.378460
0.378473
0.378440
0.378410
0.377647
0.380000
0.379985
0.380003
0.380006
0.380007
0.380002
0.380008
0.379993
0.379938
0.379425
0.379398
0.379404
0.379382
0.379412
0.379392
0.379399
0.379426
0.379404
0.379871
0.379949
0.379928
0.379916
0.379953
0.379938
0.379916
0.379951
0.379928
0.379929
0.408807
0.410212
0.408313
0.410107
0.410360
0.409852
0.408688
0.409127
0.410229
0.402074
0.394298
0.394403
0.392524
0.393107
0.394462
0.392946
0.394163
0.393218
0.393185
0.416486
0.428500
0.427869
0.428171
0.428174
0.428074
0.430021
0.427859
0.429396
0.423943
0.410558
0.409584
0.409359
0.410954
0.409067
0.409761
0.409326
0.410012
0.410326
0.404798
0.378749
0.375208
0.375582
0.387781
0.371711
0.376808
0.378901
0.380503
0.378648
0.443278
0.425588
0.426080
0.425671
0.429474
0.430555
0.424332
0.426132
0.429445
0.395765
0.374919
0.374713
0.375296
0.375495
0.375274
0.375933
0.375311
0.375777
0.374832
0.386920
0.387774
0.387208
0.385963
0.384146
0.387809
0.388074
0.391398
0.387745
0.385345
0.385482
0.380994
0.393630
0.388863
0.387517
0.395625
0.393137
0.387802
0.388371
0.390856
0.402361
0.392784
0.399562
0.397011
0.400954
0.399866
0.398399
0.396307
0.398216
0.399270
0.403062
0.396844
0.396091
0.402721
0.397518
0.397773
0.401538
0.397472
0.394785
0.391376
0.390928
0.388920
0.390674
0.391019
0.391393
0.389216
0.388444
0.391065
0.389415
0.372643
0.375679
0.374496
0.374139
0.374350
0.376189
0.371818
0.378994
0.372072
