15.431358
10.654864
15.506247
14.486645
12.747765
18.720061
15.829766
17.348578
15.794003
507.216203
507.927678
506.205149
506.588454
506.996743
506.534206
507.425963
507.165547
506.748320
506.317833
507.191404
506.118170
506.957710
507.583619
506.906758
507.233002
507.592690
507.477080
506.807983
507.176579
7.911260
13.599080
19.124994
4.938524
16.294958
12.049391
5.269756
9.886619
9.609347
238.056823
25.634304
21.445255
17.407914
14.811807
25.452640
25.300159
20.968776
20.221310
21.925489
97.643428
20.619002
19.019472
17.751863
26.407132
22.321967
19.648729
22.071088
23.451108
507.189543
336.312333
395.238140
424.621775
324.739314
390.851838
352.633338
381.350227
356.190611
445.891087
507.094333
70.093659
71.031119
95.425120
68.836590
56.712833
67.818916
77.670787
89.337084
486.694816
58.848528
49.252732
58.208782
60.976779
59.367373
52.968777
59.663684
59.516517
58.660738
504.658837
16.074090
16.704520
20.333845
14.470789
11.605306
19.332743
13.637441
20.925956
18.683415
498.862379
21.255292
20.095986
18.344061
23.421811
22.893876
24.113233
18.566562
16.984989
465.196870
116.160698
142.703852
125.774375
195.886996
108.702281
182.154775
130.950796
149.004561
162.216026
507.159925
397.947911
361.924771
349.867922
390.088769
424.744185
451.665219
418.898591
394.193418
353.880260
159.953879
178.954151
138.845476
161.636916
166.780839
145.088176
148.043689
121.704521
214.475258
372.958364
148.364683
164.482926
121.350943
153.176564
143.024425
141.379900
145.124426
149.004472
152.773813
507.114414
404.488690
236.162648
449.917542
434.090828
395.853033
412.062868
426.689172
370.919024
507.125160
68.010570
78.231422
91.533798
83.858670
80.871857
54.356430
76.743535
69.266357
92.833369
464.040773
16.367622
11.839579
12.983984
15.638248
23.242647
16.190394
12.502191
21.204783
10.343434
506.098563
484.846214
476.545880
450.528875
485.630563
482.010540
468.022214
477.049675
463.417798
506.881361
384.944507
405.800855
438.112546
402.769433
435.780966
401.121712
432.440003
402.758196
387.743734
507.679415
23.469795
23.601499
24.047545
36.412909
21.623732
25.959268
21.249756
20.420061
284.807526
37.582442
35.956993
29.073995
47.058131
32.873051
24.941633
22.308621
23.791986
34.025319
431.911998
15.368821
13.393207
18.487889
17.743521
18.357936
26.484552
13.887977
13.048253
18.974419
410.350678
12.586059
10.887619
15.037106
12.378427
17.815980
15.032360
9.753408
11.965021
381.424104
27.415923
26.234289
15.870704
17.993389
20.215334
18.920749
19.353613
14.925734
17.519697
288.076982
14.544270
16.527578
16.237297
11.911249
19.537819
9.566152
13.152753
11.993090
8.930611
18.666692
16.569167
22.454930
20.991964
18.950124
14.630508
24.137560
19.796541
20.087665
341.415306
15.676079
16.212843
10.752277
14.711515
11.417433
14.167656
10.571801
23.681938
11.076599
420.958647
26.255913
14.739634
16.466903
14.276980
15.807154
23.276683
11.756942
21.043514
379.977124
9.783180
11.889841
14.460431
11.395427
8.162632
12.519525
13.962272
22.520711
15.685481
75.707869
20.385285
16.368766
23.529766
19.428602
15.099713
17.005441
16.711115
17.810099
11.790392
316.343413
10.210858
12.187782
9.611239
13.188279
17.797119
15.029622
20.909792
17.488256
342.118816
26.111063
20.783106
13.768127
15.097503
14.229469
17.196695
20.541704
21.684616
13.902258
337.160955
8.918459
12.132315
9.912504
13.115016
13.732096
9.868835
12.786712
14.746588
67.732023
13.971815
9.701378
9.493168
14.179022
20.075249
12.071456
15.865389
9.438352
10.682985
41.558809
16.053753
14.752939
15.306635
10.558638
11.851269
12.087803
12.929695
14.116456
18.838449
22.096604
12.207721
18.841265
15.001194
16.624071
11.854102
13.828379
14.414645
10.930835
15.915299
12.159770
18.224880
10.060342
18.911848
16.549858
23.557466
14.027091
12.980787
16.010307
20.977014
14.677313
24.344785
11.715123
13.162397
15.553609
18.075479
15.355577
16.467231
14.481833
25.249198
33.010492
15.356640
22.339724
33.669284
32.953261
26.051496
24.819746
33.762409
123.669599
41.214491
25.814206
22.190374
21.777094
31.479625
23.820789
20.079197
32.896887
34.327323
317.351793
35.802842
52.483313
40.039536
67.150636
59.329803
67.512712
47.075605
44.953624
227.661304
41.998767
25.419252
38.021453
40.853476
41.868655
41.569419
33.635338
31.783522
41.454268
396.196113
196.517807
236.345833
339.283062
304.260651
310.653076
301.421171
266.547723
196.430458
206.173610
371.950175
199.816910
201.667518
263.147978
208.117249
249.849566
181.318015
187.167078
177.499785
472.437500
21.899310
29.293448
20.684484
29.181714
19.871871
26.101368
27.176062
36.767525
21.907764
346.919531
146.181706
106.498648
121.898234
134.559808
130.489859
80.774455
113.310416
86.862240
229.331313
353.053277
382.343256
392.212819
411.506320
412.369627
390.350736
358.522174
329.050664
426.449158
383.759635
330.332147
326.537940
345.289375
318.585231
365.669630
351.052028
352.285897
346.552066
348.562810
124.415092
22.247647
38.574124
16.342177
27.479834
24.815172
18.405781
11.193466
20.308722
54.403227
55.583723
57.550811
51.593435
42.664078
67.998948
92.385917
68.417554
62.503498
83.469295
321.641061
270.711897
237.441053
223.885547
175.436946
255.114786
241.024559
240.161160
286.248563
264.166710
